3
0
0
0
3
0
3
3
9
9
0
3
6
3
6
9
99
0
0
0
0
0
0
3
12
6
3
0
3
3
0
219
6
6
3
3
3
3
0
3
30
3
3
3
3
3
0
3
6
3
0
288
3
3
3
3
3
0
3
9
3
3
3
3
0
0
0
12
0
0
15
12
3
0
6
0
0
9
3
3
3
0
0
0
3
63
3
0
6
27
6
3
51
0
0
6
12
0
0
3
0
12
12
3
0
0
0
0
0
0
0
0
0
3
0
9
3
3
15
3
0
3
3
9
0
3
0
6
3
57
6
0
0
3
6
0
9
27
0
18
12
6
3
12
3
12
6
0
42
0
9
9
21
57
36
9
0
3
27
3
3
3
0
3
3
12
0
0
0
0
0
0
3
3
3
6
0
6
0
0
3
468
540
51
0
18
6
3
9
3
9
33
3
12
3
0
3
3
3
6
3
6
3
0
0
3
69
3
42
3
3
3
6
3
6
0
3
3
21
3
15
3
3
3
9
3
0
3
3
3
0
9
0
21
0
21
18
3
3
27
3
3
3
6
18
6
0
0
3
6
0
3
9
9
21
3
6
3
72
108
66
0
12
6
0
0
3
0
3
0
6
0
3
15
18
36
0
3
21
0
6
3
6
3
3
3
18
6
3
3
3
3
3
0
66
24
3
0
3
6
21
9
6
3
3
0
3
0
9
3
0
24
0
3
15
3
135
3
3
0
0
18
12
12
0
0
0
75
0
0
12
0
3
0
0
3
18
6
0
0
24
3
3
6
3
0
36
3
3
0
0
0
3
195
0
0
0
75
0
0
0
3
3
3
6
147
3
51
24
3
6
3
48
0
0
0
9
0
3
3
0
0
42
3
9
0
9
0
0
3
6
6
6
0
12
0
6
0
0
3
6
0
3
3
3
0
0
24
3
12
0
54
0
3
0
138
0
0
48
3
0
3
105
3
3
0
9
3
0
0
3
0
477
0
3
252
108
3
30
3
21
9
0
174
0
162
0
6
51
3
3
21
0
3
0
3
63
12
3
0
3
0
3
15
3
0
6
3
3
0
0
3
48
75
3
3
9
3
3
3
186
0
3
0
12
111
18
3
6
27
3
6
3
15
3
3
3
15
6
6
36
3
21
6
0
18
48
12
0
3
3
9
6
27
12
108
21
3
123
3
15
3
1059
3
3
3
69
0
3
3
3
3
0
3
9
18
0
39
3
0
0
0
0
0
63
0
0
6
0
0
60
0
99
3
3
249
9
15
9
21
0
18
279
288
123
3
3
48
3
0
6
0
6
0
3
0
3
0
3
0
3
5037
0
3
84
6
0
3
48
3
0
75
15
3
6
3
9
0
120
24
0
6
3
21
6
132
9
51
3
0
3
3
6
96
27
0
3
3
204
39
9
0
9
3
3
12
9
0
0
18
36
6
9
6
9
3
9
15
3
3
6
3
0
6
39
27
384
84
6
456
3
9
3
3
9
3
3
18
9
3
3
18
0
57
12
3
0
3
12
0
75
0
285
0
0
3
141
6
0
3
0
156
3
15
198
12
3
24
3
3
0
669
3
15
3
27
6
3
6
3
0
27
15
0
9
27
3
0
3
0
0
3
33
0
102
15
6
3
0
0
3
0
144
6
0
0
6
3
