29099
8350
8046
7672
7557
7568
6229
5219
4831
4782
4711
4561
4507
4374
4255
3782
3682
3499
3395
3246
3064
2852
2802
2768
2577
2507
2520
2507
2414
2392
2268
2201
2226
2080
2064
2045
2031
1986
1969
1927
1861
1817
1772
1766
1732
1719
1716
1720
1679
1638
1653
1609
1519
1543
1458
1467
1427
1426
1397
1399
1357
1383
1336
1297
1306
1282
1290
1283
1275
1262
1241
1239
1239
1248
1207
1191
1173
1156
1138
1170
1124
1118
1133
1096
1102
1122
1072
1096
1090
1079
1033
1041
1007
1014
1007
987
992
950
937
919
928
903
888
887
868
844
851
827
842
849
814
824
826
817
782
809
798
778
777
742
765
740
741
729
708
724
709
702
705
690
689
686
667
649
667
637
647
640
638
632
623
627
636
628
608
606
604
598
584
580
586
579
572
569
549
553
550
561
565
549
543
541
532
538
535
513
533
517
521
528
513
516
507
507
495
500
499
489
485
490
474
474
460
459
464
467
439
459
468
468
464
457
441
461
440
427
447
436
435
430
425
440
425
420
405
415
415
416
409
404
389
403
387
390
379
376
386
388
362
378
367
377
377
361
376
364
374
357
369
367
369
366
358
365
351
354
354
349
351
349
344
329
327
349
335
337
351
339
335
347
336
326
330
323
337
336
326
325
329
314
316
320
318
325
322
324
320
308
313
305
319
321
311
318
304
314
283
305
311
304
310
296
296
296
289
305
291
302
294
287
299
283
281
293
301
288
290
287
285
289
291
284
290
290
281
276
280
279
266
284
258
270
286
269
273
275
275
281
265
266
267
271
253
264
254
256
251
265
261
265
260
266
263
251
259
252
241
251
257
245
236
230
247
247
253
241
240
244
231
235
241
232
224
235
233
224
226
230
229
231
229
224
222
226
220
224
218
212
227
221
211
221
222
212
216
219
213
199
215
212
208
210
206
215
205
213
207
203
199
216
192
210
210
210
207
203
201
199
207
211
212
200
208
204
195
194
194
198
190
196
194
185
197
177
205
194
196
196
186
188
178
179
189
185
184
192
182
184
186
177
185
189
174
176
186
182
184
188
180
175
173
179
175
175
175
181
170
170
172
176
178
178
170
180
180
176
168
173
165
165
169
173
173
169
179
168
172
172
170
173
163
163
165
155
153
155
161
159
170
162
162
163
161
163
169
163
165
161
158
162
156
152
164
148
152
151
159
155
157
159
160
156
142
148
156
144
142
141
149
153
143
147
139
155
139
146
144
144
148
148
150
146
143
149
139
141
137
141
140
138
148
138
146
128
143
139
143
137
137
141
143
139
135
138
126
132
135
135
139
131
133
131
131
129
133
121
125
125
124
128
128
126
126
132
126
124
120
131
133
127
127
127
127
124
120
128
120
122
126
118
120
124
127
117
123
127
117
117
116
122
118
112
124
116
122
124
112
112
118
116
116
117
117
107
111
117
113
119
111
107
117
115
112
110
110
114
114
116
110
112
116
112
112
114
112
113
113
115
109
103
111
113
103
113
103
115
109
106
106
108
104
108
112
110
106
108
114
103
109
105
103
103
103
105
99
103
101
105
107
99
101
107
97
107
94
100
102
104
104
102
104
102
100
104
96
102
98
102
99
103
97
95
93
99
93
103
89
101
95
96
96
100
96
102
96
98
94
100
92
90
90
98
96
96
92
92
92
98
94
98
86
96
92
92
87
91
95
95
93
97
91
97
93
91
93
85
91
93
97
92
86
88
86
92
92
94
78
92
94
90
92
92
90
92
88
94
88
88
83
81
85
87
85
87
89
85
85
89
85
91
87
85
89
85
83
85
89
87
87
86
86
86
86
82
84
84
82
86
82
80
86
82
78
78
80
82
82
82
86
86
78
81
87
83
83
85
77
77
83
79
85
85
83
81
81
79
81
87
77
79
80
74
76
82
80
78
76
82
78
80
68
74
82
80
72
82
82
80
80
84
82
78
76
78
80
74
82
80
80
78
79
79
73
77
65
73
75
75
75
75
73
79
79
75
69
75
73
67
73
77
77
69
75
68
74
76
70
68
76
70
72
68
74
76
74
70
72
72
76
74
70
72
69
73
69
71
71
69
73
71
73
75
63
65
69
73
63
67
75
71
71
71
63
66
62
68
70
68
60
68
68
72
68
70
68
70
68
66
68
68
62
70
68
66
70
70
66
66
66
68
69
65
63
63
63
67
63
67
67
69
57
65
63
67
65
65
63
61
65
65
67
63
63
67
59
67
65
67
67
65
65
65
59
69
67
66
62
60
62
62
60
62
66
52
64
58
60
66
66
62
64
62
60
64
58
59
61
53
59
57
61
61
61
63
59
61
53
59
59
59
59
59
57
59
53
57
57
61
59
63
61
58
60
56
52
56
58
58
56
58
54
58
60
60
56
58
48
58
58
51
53
55
49
51
49
55
51
55
53
55
55
57
55
55
55
49
55
53
55
53
57
53
55
55
53
49
51
51
55
51
53
57
51
53
55
53
53
49
49
54
50
48
52
50
50
50
48
50
50
54
52
50
50
54
50
46
50
48
46
52
52
52
52
46
50
52
52
52
50
47
51
51
51
49
49
47
51
49
51
49
51
45
49
45
49
43
49
41
45
45
45
47
47
49
49
51
47
49
51
49
47
45
43
49
49
41
47
49
51
47
42
44
44
48
44
46
46
42
46
38
44
44
48
46
46
44
42
44
44
46
46
46
40
42
44
40
38
46
46
48
46
46
44
44
40
48
46
40
46
40
40
44
42
48
48
40
48
45
43
41
41
45
35
45
45
45
43
41
45
43
39
43
43
45
41
43
45
45
41
45
43
45
43
35
41
43
41
41
43
41
43
37
39
45
45
43
43
41
41
41
39
39
43
41
39
43
41
37
39
43
43
37
41
45
41
39
45
43
41
41
45
36
38
40
40
34
38
38
38
40
36
42
40
42
40
42
40
42
36
36
40
40
40
36
40
40
40
38
40
40
36
40
40
38
40
40
36
42
36
42
42
42
38
42
38
38
42
40
36
38
40
38
38
40
38
33
37
39
35
39
37
39
35
33
37
33
37
31
39
37
39
39
39
39
39
35
37
39
39
35
31
37
37
35
35
39
37
35
39
39
39
37
39
39
35
37
33
39
37
39
39
35
39
35
35
33
39
33
37
37
33
35
35
37
39
31
39
39
35
37
35
35
33
33
33
33
35
35
35
33
36
34
34
32
36
34
30
32
34
28
36
34
32
34
34
34
36
34
36
36
32
36
32
34
36
36
34
34
34
32
36
32
36
36
34
36
36
32
34
36
32
34
36
34
34
36
34
36
34
36
32
32
32
34
36
36
34
36
34
34
34
34
36
36
36
33
31
33
33
31
27
31
33
33
33
33
31
33
33
33
31
31
31
27
33
31
33
25
31
33
33
33
29
31
33
29
33
29
33
33
31
29
31
33
33
29
31
33
29
31
29
33
31
31
29
31
33
31
33
31
33
27
29
29
31
31
33
33
29
31
33
31
33
29
29
33
33
29
31
31
31
33
31
31
33
31
29
33
29
29
31
31
33
29
30
30
30
30
30
30
28
30
28
22
28
24
30
30
30
28
30
30
30
30
30
30
28
28
26
28
30
28
28
30
28
28
28
30
28
28
28
28
28
24
30
28
24
30
26
28
26
28
28
26
30
26
28
30
28
30
24
26
28
28
28
24
24
26
28
22
30
28
30
28
28
30
24
30
30
30
26
30
26
26
26
26
30
28
28
28
26
28
26
30
24
28
28
28
30
28
30
28
26
30
30
26
28
28
30
24
25
27
25
27
25
27
27
27
27
25
27
23
27
25
23
21
25
23
25
27
25
27
27
23
25
27
25
25
27
25
25
25
23
27
25
25
25
25
25
27
25
23
27
23
27
25
27
25
25
27
25
25
27
27
23
27
25
23
23
23
25
27
23
27
21
25
23
25
25
23
23
23
27
25
25
27
27
27
25
25
27
27
25
27
25
23
25
25
25
27
25
23
21
27
27
21
27
25
25
23
25
25
25
25
27
25
27
25
27
23
25
27
23
23
27
25
27
25
25
25
27
23
23
23
25
20
24
22
24
22
22
24
24
22
20
20
22
24
20
24
24
24
24
22
22
22
22
22
22
18
24
24
16
24
22
22
22
20
24
22
24
24
22
20
22
24
16
20
18
20
22
20
24
22
22
24
22
24
22
18
24
22
24
20
24
22
24
22
24
22
24
22
24
24
24
22
24
22
22
24
22
24
22
22
22
24
22
24
20
20
20
24
22
22
22
22
22
22
22
22
24
22
22
24
20
22
24
22
20
20
20
24
24
24
22
20
22
20
24
24
24
24
24
20
22
20
20
24
22
20
24
22
22
18
18
22
20
20
22
20
22
22
24
24
24
22
24
20
22
20
24
22
24
22
22
24
20
22
22
24
22
24
24
22
20
22
24
24
24
24
24
22
24
24
24
24
24
22
22
21
21
19
21
21
21
19
21
15
21
21
15
19
21
21
17
21
21
21
17
21
21
17
21
21
21
21
21
19
21
19
17
21
17
21
17
19
19
19
17
19
19
21
21
17
19
21
21
21
21
21
15
21
21
21
21
17
21
21
19
21
19
21
21
21
19
19
17
19
21
19
17
17
19
21
21
19
17
21
21
17
15
19
21
19
21
17
21
19
17
19
19
19
19
17
19
21
15
21
21
17
21
15
21
19
21
17
19
21
19
21
19
17
17
19
17
15
19
19
19
21
21
19
17
21
19
21
15
21
19
19
19
21
19
19
21
19
19
19
21
21
19
19
21
19
21
21
19
21
19
17
17
21
21
19
19
19
21
19
19
17
15
19
21
17
21
17
21
21
21
21
19
19
21
21
19
17
21
21
21
17
17
21
21
19
21
19
21
21
19
21
21
21
18
16
16
18
18
18
18
18
18
16
16
16
18
18
18
16
18
18
18
18
18
18
18
14
16
14
18
18
18
18
18
16
16
18
18
14
18
18
18
18
18
18
16
18
18
18
18
16
18
16
16
18
18
18
18
18
12
16
18
18
18
18
18
16
14
18
14
18
16
16
16
18
18
18
16
18
18
16
10
18
18
18
16
18
16
16
18
14
18
16
18
14
14
16
16
16
18
16
18
18
16
18
18
18
16
18
16
18
18
18
12
16
18
18
16
14
16
18
16
18
18
12
18
16
18
14
18
18
18
18
16
16
16
18
14
18
18
18
16
16
18
18
18
18
14
16
18
16
16
18
16
16
16
18
18
18
18
14
16
18
16
16
18
14
18
16
18
16
18
16
18
16
18
18
18
18
18
18
18
16
16
12
16
16
18
16
12
16
18
18
16
18
16
18
16
16
16
16
16
18
14
14
16
16
18
16
18
18
18
18
16
18
16
16
18
16
18
18
18
18
18
18
18
18
18
18
18
18
18
18
18
18
13
13
15
13
15
13
15
13
15
15
13
15
15
13
13
15
9
15
13
11
15
13
15
15
15
15
15
9
15
13
15
15
15
15
11
15
15
13
15
15
15
15
13
15
15
13
15
13
15
15
15
15
15
13
13
15
13
15
15
15
15
15
13
15
15
11
13
15
13
13
15
15
11
15
13
15
15
15
13
15
11
15
15
15
11
13
15
11
15
15
15
13
13
15
15
15
15
15
13
13
13
13
13
15
15
15
13
13
13
13
13
15
15
15
11
15
15
15
15
15
15
15
15
13
15
15
15
15
13
15
15
15
13
13
13
13
15
13
11
15
15
15
13
13
11
13
13
15
15
13
15
15
11
15
13
15
15
15
15
15
13
13
13
15
15
13
13
15
15
15
13
15
15
15
11
13
15
11
15
15
15
15
15
15
15
13
13
15
13
15
13
15
15
15
11
15
13
15
15
15
15
15
11
15
15
15
13
15
15
15
11
15
15
15
13
13
15
13
15
15
15
15
15
15
15
15
13
13
13
13
15
11
15
15
13
15
13
15
13
15
15
15
15
15
15
13
15
13
13
13
13
15
15
13
13
15
15
15
13
15
15
15
15
13
13
15
15
11
15
15
13
13
13
13
15
13
15
15
15
15
13
11
15
11
15
15
15
13
13
15
15
11
13
15
15
15
11
15
13
13
11
13
15
9
15
13
13
13
15
15
15
13
15
15
15
15
12
12
12
10
10
10
8
10
10
10
10
12
8
10
10
12
8
10
12
12
10
12
12
12
12
12
8
12
12
12
10
12
12
10
4
12
12
12
12
12
12
12
12
6
12
12
10
12
10
12
10
12
12
8
12
8
10
10
10
12
12
10
10
12
10
12
10
10
12
12
12
12
12
12
12
12
10
10
12
12
12
12
12
12
8
12
12
12
12
12
12
10
10
12
10
12
12
12
10
12
12
10
12
6
12
12
10
12
10
10
12
12
12
12
12
10
12
12
10
12
12
12
12
12
12
12
12
12
12
12
12
12
12
12
12
12
12
10
12
10
12
12
12
12
12
12
10
10
10
10
12
12
12
12
12
12
10
12
12
12
12
12
8
12
10
8
12
12
10
12
10
12
12
10
12
12
12
10
8
10
12
12
12
10
12
10
10
10
12
12
8
12
12
12
12
12
8
12
12
12
12
8
12
12
12
8
12
10
10
12
12
10
12
10
12
12
12
10
10
8
12
10
12
12
12
8
12
10
12
10
10
10
12
12
12
12
12
12
8
12
10
10
10
12
10
10
12
12
12
12
10
12
12
8
10
12
10
12
10
12
12
10
12
10
12
10
12
8
10
12
12
12
12
12
12
12
10
12
12
10
12
8
10
12
12
10
12
12
12
12
12
8
12
10
12
12
12
12
12
12
12
10
12
12
10
12
12
10
12
10
12
10
10
12
10
12
12
12
12
12
12
12
8
10
10
10
12
8
12
12
12
12
12
12
12
12
10
12
12
10
10
10
12
12
12
12
12
10
12
10
12
12
12
12
10
12
10
10
10
12
12
12
12
12
12
12
12
12
12
12
8
12
12
12
12
12
12
10
12
12
12
10
12
12
8
8
12
12
12
10
12
12
12
12
12
12
12
12
12
12
12
8
10
12
12
12
12
10
12
12
12
12
8
12
10
8
12
12
12
12
12
10
10
12
12
12
12
12
12
12
12
12
12
12
12
12
12
12
12
10
12
10
12
12
4
12
12
10
12
12
12
12
12
10
12
12
10
10
12
12
10
12
12
12
12
12
12
12
10
12
9
9
5
7
9
9
7
9
7
9
7
7
9
7
7
9
9
9
9
9
7
9
9
7
9
9
9
9
9
9
5
9
9
9
7
7
9
7
7
9
9
9
9
9
9
9
9
9
9
9
7
9
9
5
9
7
5
9
9
7
9
9
9
7
9
9
9
9
9
9
7
9
9
9
7
9
7
9
9
9
7
9
9
7
9
7
7
9
9
9
9
9
9
9
9
7
9
9
9
9
9
9
9
9
9
9
7
7
9
9
9
9
9
7
5
9
7
5
9
9
9
9
9
9
9
9
9
9
9
7
9
9
9
5
9
9
7
9
7
9
9
9
9
9
7
9
7
9
9
9
7
9
9
9
9
9
9
7
9
9
7
9
9
7
9
9
7
7
9
9
7
9
7
9
9
7
7
7
9
9
9
9
7
7
9
3
9
7
9
7
9
9
9
9
9
9
9
7
9
9
7
9
9
7
9
9
9
9
7
9
9
7
9
9
7
9
9
9
7
7
9
9
7
9
9
5
9
9
9
9
9
9
5
9
9
9
5
9
9
7
9
3
5
9
9
7
9
9
7
9
9
9
7
9
9
9
9
9
7
7
9
9
7
7
7
7
7
9
9
9
9
7
9
9
7
5
9
9
9
7
9
5
9
9
9
7
9
9
9
9
7
7
9
9
9
9
9
9
9
9
9
9
9
9
9
9
9
9
9
7
9
9
9
9
7
9
9
9
9
9
9
9
9
7
9
9
5
9
9
9
9
9
9
7
9
9
9
9
7
9
9
7
9
9
9
9
9
9
7
9
7
9
7
7
9
9
9
9
9
9
7
5
9
9
9
9
9
7
9
9
9
9
7
7
5
7
7
9
9
9
9
9
9
7
9
9
9
9
9
9
9
9
9
7
9
9
7
9
9
7
9
9
9
9
9
9
9
9
9
9
7
9
9
9
9
9
9
9
9
9
7
9
9
9
9
7
9
9
9
7
9
9
7
7
7
9
9
9
5
9
7
9
9
9
9
9
9
9
9
7
7
9
9
9
9
9
9
7
7
9
9
9
7
9
7
9
7
9
9
9
9
9
7
9
9
9
5
9
9
7
9
7
9
7
7
7
9
9
9
9
9
9
9
9
9
9
9
9
9
9
9
9
9
7
9
9
9
9
9
7
9
7
9
9
9
9
9
9
9
9
9
9
9
9
7
7
9
9
9
9
9
9
7
9
9
7
9
9
7
7
7
7
9
7
9
7
9
7
9
9
9
9
9
9
9
9
9
7
9
9
7
9
5
9
9
9
9
9
9
9
9
9
9
7
7
9
9
9
9
7
7
9
9
9
9
9
7
9
9
7
9
9
9
9
5
9
9
9
7
9
9
7
9
9
9
9
9
9
5
9
9
7
9
9
9
9
9
7
9
9
9
9
9
9
9
7
7
9
9
9
9
9
9
9
7
7
7
9
9
7
9
9
5
7
9
9
9
9
9
9
9
7
9
9
9
9
9
9
9
9
9
9
5
9
9
9
9
9
7
9
9
7
7
7
9
9
7
9
9
7
9
7
9
7
9
9
9
9
9
7
9
9
7
9
9
7
7
7
5
9
7
9
9
9
9
9
9
9
9
9
5
9
9
9
9
7
9
9
9
9
7
9
7
7
9
7
9
9
9
9
9
7
5
9
9
5
9
5
9
9
9
9
9
9
7
7
5
7
9
9
7
7
9
9
9
7
9
9
7
9
7
7
7
9
9
9
7
9
5
9
9
9
9
9
9
9
7
9
9
9
9
9
7
9
9
9
9
9
9
9
9
9
9
9
9
9
9
9
9
7
9
7
9
9
9
9
5
9
6
4
6
6
6
6
6
4
6
6
6
2
6
6
6
6
6
6
6
4
6
6
6
6
4
4
6
6
6
6
6
6
6
6
4
6
4
6
6
4
6
6
4
4
6
6
6
6
6
6
6
6
6
4
6
6
6
6
6
6
6
6
6
6
6
6
6
6
4
6
4
6
6
4
6
6
6
6
6
4
6
6
6
6
6
6
6
6
6
6
6
6
4
6
6
4
6
6
6
6
6
6
6
6
6
6
6
6
6
6
6
6
6
4
6
6
6
6
6
6
6
4
6
6
6
4
4
6
6
6
6
6
4
6
4
6
6
4
6
6
6
6
6
6
4
6
6
6
4
6
6
4
6
6
6
6
6
6
4
4
6
4
6
6
6
6
6
6
6
2
6
6
6
6
6
6
6
6
6
4
6
6
6
6
6
6
6
6
6
4
6
6
6
6
6
6
4
6
6
6
6
4
6
6
6
6
6
6
4
6
6
6
6
4
6
4
6
6
4
6
6
6
2
6
6
6
6
2
4
6
6
6
6
6
4
6
6
6
6
6
6
6
6
6
6
6
6
6
6
6
4
4
6
6
6
6
6
6
6
6
6
6
6
6
6
4
6
4
6
6
6
4
6
6
6
4
4
4
6
6
6
6
6
4
4
6
6
6
6
4
2
6
4
4
6
6
6
6
6
6
6
6
6
6
6
6
4
6
6
6
6
6
2
6
4
6
4
6
6
6
6
6
6
6
6
6
6
6
6
6
4
6
2
6
6
6
6
6
6
6
6
6
6
6
6
6
6
6
6
6
6
6
6
6
4
6
6
4
6
4
4
6
6
4
6
4
6
6
6
6
6
6
4
4
6
6
6
6
6
6
6
6
6
4
6
6
6
2
6
6
6
6
6
4
4
6
6
4
6
6
6
6
6
6
6
6
6
6
6
4
6
6
6
6
6
6
4
4
4
6
2
2
6
6
4
6
6
6
6
6
6
6
6
6
6
6
6
6
6
6
6
6
6
6
6
4
4
6
4
6
6
2
6
6
4
2
6
6
6
6
6
6
6
6
6
6
6
6
6
6
4
4
6
6
6
6
6
4
6
6
6
6
6
6
6
6
6
4
6
4
2
6
6
6
6
4
6
6
6
4
6
6
6
6
6
6
6
6
6
6
6
6
6
4
6
6
6
6
6
6
6
6
6
6
6
6
6
6
6
6
4
6
6
6
6
6
6
6
4
6
6
6
6
6
6
6
6
4
6
6
4
6
6
6
4
6
4
6
6
4
6
6
6
6
6
4
4
6
6
6
4
6
6
6
6
6
6
6
6
6
6
4
4
6
6
6
6
6
6
4
6
6
6
4
6
6
6
6
6
6
6
6
6
6
6
6
2
6
6
6
4
4
6
6
6
6
6
6
6
6
4
6
6
6
6
6
6
6
4
6
6
4
6
6
6
6
6
6
4
6
6
6
6
6
6
6
6
6
6
6
6
6
4
6
4
4
6
6
6
6
6
6
6
4
6
6
6
6
4
6
6
6
6
6
6
6
6
4
6
6
6
6
4
6
6
6
4
6
6
4
6
6
6
6
6
6
6
6
6
4
6
6
6
6
6
6
6
6
4
6
6
6
6
6
4
2
6
6
6
6
6
6
6
6
6
2
6
6
6
6
6
4
6
2
6
4
6
4
6
6
6
6
6
6
6
6
6
6
6
6
6
6
6
6
6
4
6
6
6
6
6
2
4
6
6
6
6
6
6
6
6
6
6
6
6
6
6
4
6
6
6
6
6
4
6
6
6
4
4
6
6
6
4
6
6
6
6
6
6
4
4
6
6
6
6
6
6
6
6
4
6
6
6
6
4
6
4
4
4
6
4
6
6
6
4
4
6
6
6
6
4
6
6
4
6
6
6
4
6
4
4
6
6
6
6
6
6
4
6
6
4
6
6
6
6
6
6
4
6
6
6
4
6
4
6
6
6
6
6
6
6
6
6
6
6
6
6
6
6
6
6
6
6
6
6
6
6
6
6
6
6
6
6
6
6
6
4
4
4
6
6
6
6
6
4
6
6
6
6
6
4
6
6
6
6
6
4
6
6
6
4
6
6
6
6
6
6
6
6
6
6
4
6
6
6
6
6
6
4
6
6
6
6
6
6
6
6
6
6
6
6
6
6
6
6
6
6
6
6
6
6
6
6
6
2
6
6
6
6
6
6
6
4
6
6
6
6
6
6
6
6
6
6
6
6
6
4
6
6
4
6
6
6
6
6
4
6
6
6
4
4
6
2
6
6
6
6
6
6
6
6
6
6
6
4
6
6
6
6
4
6
6
6
6
6
6
4
6
6
4
6
4
4
6
6
6
4
6
4
6
6
6
6
6
6
6
6
6
6
6
6
6
6
6
6
6
6
6
6
6
6
6
6
6
4
2
6
4
6
4
6
6
6
6
6
6
4
6
6
4
6
6
6
6
6
6
4
6
6
6
4
6
4
6
6
6
4
6
4
6
6
6
6
6
6
6
6
4
6
6
6
6
6
6
6
4
2
6
6
4
6
6
6
6
6
4
6
6
4
4
6
6
6
6
6
6
6
4
6
6
6
6
6
6
6
6
4
4
4
6
6
6
6
6
6
6
4
6
6
6
6
6
6
6
6
6
6
4
6
6
6
4
6
6
4
6
6
6
6
4
4
6
6
6
6
6
6
6
6
6
6
6
4
4
6
6
6
6
6
6
6
6
6
6
6
6
4
6
6
6
6
6
4
6
6
6
6
4
6
6
6
4
6
6
6
6
2
4
2
6
6
6
4
6
6
6
6
6
6
6
6
4
4
4
6
6
6
6
4
6
6
6
4
6
6
4
6
4
6
6
6
6
4
6
6
4
6
6
6
4
6
6
6
6
6
6
6
6
6
4
6
6
6
6
6
6
6
6
6
6
6
6
6
6
4
6
6
6
6
6
4
6
6
6
6
6
4
4
6
6
4
6
6
6
6
4
6
6
6
6
6
4
6
6
6
4
4
6
6
6
6
4
6
6
6
6
6
6
6
4
6
6
6
6
6
4
4
6
6
6
6
6
6
6
6
6
6
6
6
6
4
6
6
6
6
4
4
6
6
6
6
6
6
6
6
6
6
6
6
6
6
6
6
6
6
6
6
6
4
2
6
6
6
4
6
6
6
6
6
6
4
6
6
6
6
6
6
6
6
2
4
6
6
6
6
6
6
6
6
4
6
4
6
4
6
6
6
6
6
6
6
6
6
6
6
6
6
6
6
6
6
6
6
4
6
6
6
6
6
6
6
6
6
6
6
4
3
3
3
3
3
3
3
3
3
3
3
3
3
3
3
1
3
3
3
3
3
3
3
3
3
3
3
3
3
3
3
1
3
1
3
3
1
3
3
3
3
3
1
3
3
3
1
3
3
3
3
1
3
3
3
1
3
3
3
3
3
3
1
3
3
3
3
3
3
1
3
3
3
3
3
3
3
3
3
3
3
3
3
3
3
3
3
3
3
3
3
3
3
3
3
3
3
3
3
3
3
3
3
1
3
3
3
3
3
3
3
3
3
3
3
3
3
3
3
3
3
3
3
3
3
3
3
3
3
3
3
3
3
3
3
3
3
3
1
3
3
3
3
1
3
3
3
3
3
3
3
3
1
3
3
3
1
3
3
3
3
3
3
3
3
1
3
3
3
3
3
3
1
3
3
3
3
3
3
3
3
3
1
3
3
3
3
3
3
3
3
1
3
3
3
3
3
3
1
3
3
3
3
1
3
1
3
3
3
3
1
3
3
1
1
3
3
3
3
3
3
3
3
3
3
3
3
3
3
3
3
3
3
3
3
3
1
1
3
3
3
3
3
3
1
3
3
3
3
3
1
3
3
3
3
3
3
3
3
3
3
3
3
3
3
3
1
3
3
3
1
3
3
3
3
3
3
1
3
3
1
3
3
3
3
3
1
3
3
3
3
3
3
3
3
3
3
3
3
1
1
3
3
3
3
3
3
3
3
3
3
3
3
3
3
1
1
3
3
3
1
3
3
3
3
3
3
1
3
1
3
3
3
3
3
3
3
3
3
3
3
3
3
3
3
3
3
1
3
3
1
3
1
3
3
3
3
3
3
1
3
3
3
3
3
3
3
3
3
3
3
3
3
3
3
3
3
3
3
3
3
3
3
3
1
3
3
3
3
3
3
3
3
3
3
3
3
3
3
3
3
3
3
3
3
3
3
3
3
3
3
3
3
3
3
3
3
3
3
1
3
3
3
3
3
3
3
3
3
1
3
3
3
3
3
3
3
3
3
3
3
3
3
3
3
3
3
3
3
3
3
3
3
3
3
3
1
3
3
1
3
3
3
3
3
3
3
3
3
1
1
3
3
3
1
3
3
3
3
3
3
3
3
3
1
3
3
3
3
1
3
3
3
1
3
3
3
3
3
3
3
3
3
3
3
3
3
3
3
3
3
3
3
3
3
3
3
3
3
3
3
1
3
3
3
3
3
3
3
3
3
3
1
3
3
3
3
3
3
3
3
3
3
1
3
3
3
3
3
3
3
3
3
1
3
3
3
3
3
3
3
3
3
3
3
3
3
3
3
3
3
3
3
3
1
3
3
3
3
3
1
3
1
3
3
3
3
3
3
3
3
3
3
3
3
3
1
3
3
3
3
3
3
1
3
1
3
3
3
3
3
3
1
1
3
3
3
3
3
1
3
3
3
3
3
3
3
3
3
3
3
3
3
3
3
3
3
3
3
3
3
3
3
3
3
3
3
3
3
3
3
3
3
3
3
1
3
3
3
3
3
3
3
3
3
3
3
3
3
3
3
3
1
3
3
3
3
3
3
3
3
1
1
3
1
3
1
3
1
3
3
3
3
3
3
3
1
3
3
3
1
3
3
3
3
1
3
3
3
3
3
3
3
3
3
3
3
3
3
3
1
3
1
3
3
3
3
3
3
3
1
3
1
1
3
3
3
3
3
3
3
3
3
3
1
3
3
3
3
3
3
1
3
3
3
3
3
3
3
3
3
3
1
3
3
3
3
3
3
1
1
3
3
3
1
3
3
3
3
3
3
3
3
3
3
3
3
3
3
3
1
3
3
3
1
3
3
3
3
3
3
3
3
1
3
3
3
3
3
3
3
3
3
3
3
1
3
3
3
3
3
1
3
3
3
3
3
1
3
3
3
3
3
3
3
3
3
3
1
3
3
3
1
3
3
3
3
3
3
3
3
3
3
3
3
3
3
1
3
3
3
3
3
3
3
1
3
3
3
3
1
3
3
3
3
3
1
1
3
3
3
1
3
3
3
3
3
1
3
3
3
3
3
3
3
3
3
3
3
3
1
3
3
3
3
3
3
3
3
3
3
3
3
3
3
3
3
1
3
3
3
3
3
3
3
1
3
3
3
1
3
1
3
3
3
3
3
3
1
3
3
3
3
3
3
3
3
3
3
3
3
3
3
3
3
3
1
3
3
3
3
3
3
3
3
1
3
3
3
3
3
3
3
3
1
3
3
3
3
3
3
3
3
3
3
3
1
3
3
3
3
3
1
3
3
1
3
3
3
3
3
3
3
3
3
3
3
3
3
3
3
3
3
3
3
3
3
3
3
3
3
1
1
3
3
1
3
3
3
3
1
3
3
1
3
3
3
3
3
1
3
3
3
3
3
3
3
3
3
3
3
3
3
3
3
3
3
3
3
3
3
1
3
3
3
3
3
1
3
3
3
1
3
3
1
3
3
3
3
3
3
3
3
3
1
3
3
3
3
3
3
3
3
3
3
1
3
3
1
1
3
3
1
3
3
3
3
3
3
1
3
3
1
3
3
1
3
3
1
3
3
3
3
3
3
3
3
3
1
3
3
3
3
3
3
3
3
3
3
1
3
3
3
3
3
3
3
3
3
3
3
3
3
3
1
3
3
1
3
3
3
3
3
3
3
3
3
3
3
3
3
3
3
3
3
3
3
3
3
3
3
3
1
3
3
3
3
3
3
3
3
3
3
3
3
3
3
3
3
3
3
3
3
3
3
3
3
3
3
3
3
3
3
1
3
3
3
3
3
3
3
3
3
3
3
3
3
3
3
3
3
3
3
3
3
3
3
3
1
3
3
3
3
3
1
3
1
1
3
3
3
3
3
3
1
3
3
3
3
3
3
3
3
3
3
3
3
3
3
3
3
3
3
3
1
3
3
3
3
3
3
3
3
3
3
3
3
3
1
3
3
3
3
3
3
1
3
3
3
3
3
3
3
3
3
3
3
3
3
3
3
3
3
3
1
3
3
1
3
1
3
3
1
3
3
3
3
3
3
1
3
3
3
3
3
3
3
3
3
1
3
1
3
3
1
3
3
1
3
3
3
3
3
3
3
3
3
3
3
3
1
3
3
1
1
3
3
1
3
1
3
3
3
3
3
3
1
3
1
3
3
3
3
3
3
3
3
3
3
3
3
3
3
3
3
3
3
3
3
3
3
3
3
1
3
3
3
3
3
3
1
3
3
3
3
3
3
3
1
3
3
3
3
3
3
3
3
3
1
3
3
3
3
1
3
1
3
3
3
3
3
3
3
3
3
3
1
3
3
3
3
3
3
3
3
1
3
3
3
1
3
3
3
3
1
3
1
3
3
3
3
3
3
3
3
3
3
3
3
3
3
1
3
3
1
3
3
1
3
3
3
3
3
3
3
3
3
3
3
3
1
3
3
3
3
3
3
3
3
3
3
3
3
3
1
3
3
3
3
3
3
3
3
3
3
3
3
1
3
3
3
3
3
1
1
3
3
1
3
3
3
3
3
3
3
3
3
3
3
3
3
3
3
3
3
3
3
3
3
3
3
3
3
3
3
3
3
3
3
3
3
3
3
3
3
3
3
3
3
3
3
3
3
1
3
3
1
3
3
3
3
3
3
3
3
3
1
3
3
3
3
3
3
3
3
3
3
3
3
3
3
3
3
3
3
3
3
3
3
3
1
3
3
3
3
3
3
3
3
3
3
3
3
3
3
1
3
3
3
3
3
3
3
3
3
3
3
3
3
3
3
3
3
3
3
1
3
3
3
3
1
3
3
1
3
3
3
3
3
3
3
3
3
3
3
3
1
1
3
3
3
3
3
3
3
3
3
3
3
3
3
3
3
3
3
1
3
3
3
1
3
3
3
3
3
3
1
3
3
3
3
3
3
3
3
3
3
3
3
3
3
3
3
3
3
3
1
3
3
3
1
3
3
3
3
3
3
3
3
3
3
3
3
3
3
1
3
3
3
3
3
3
3
3
3
3
3
3
3
3
3
3
3
3
3
3
3
3
3
3
3
3
3
3
3
3
3
3
3
3
3
1
3
3
3
3
3
3
3
3
1
3
3
3
3
3
3
3
3
3
3
3
3
3
3
3
3
3
3
3
3
3
3
3
3
3
3
3
3
3
3
3
1
3
3
3
3
3
1
3
3
1
3
3
3
3
3
3
3
3
3
3
3
3
3
3
3
3
3
3
3
3
3
3
3
3
3
3
3
1
3
3
3
3
3
3
3
3
3
3
3
3
3
3
3
3
3
3
3
3
3
1
3
3
3
3
1
3
3
3
3
3
3
3
3
1
3
3
3
3
3
1
3
3
3
3
3
3
1
3
3
3
1
3
3
3
3
3
3
3
3
3
3
3
3
3
3
3
3
3
3
3
3
3
3
3
3
3
3
3
3
3
3
3
3
3
3
3
3
3
3
3
3
3
1
3
3
3
3
1
3
3
3
3
3
3
1
1
3
3
3
3
3
3
1
3
3
3
3
3
3
3
3
3
1
1
3
3
3
3
1
3
3
3
3
3
1
3
3
3
3
3
3
3
3
1
3
3
3
3
3
3
3
3
1
3
3
3
3
3
3
1
1
3
3
3
3
3
3
3
3
3
3
1
3
3
3
1
3
3
3
3
3
3
3
3
3
3
3
1
3
3
3
3
3
3
3
3
3
3
3
3
3
3
3
1
3
3
3
1
3
3
3
3
3
3
3
3
3
3
3
3
3
3
3
3
3
3
3
3
1
1
3
3
3
3
3
3
3
3
3
3
3
3
3
3
3
3
1
3
3
3
3
3
1
3
1
3
3
3
3
1
3
3
3
3
3
3
3
3
3
3
3
3
3
3
1
3
3
3
3
3
3
1
3
3
3
1
3
1
1
3
3
1
3
3
3
3
3
3
3
3
1
3
3
3
3
3
3
3
3
3
3
3
3
3
3
1
3
3
1
3
3
3
3
3
3
1
3
3
3
3
3
3
3
3
3
3
3
3
3
3
3
3
3
3
1
3
3
3
3
3
3
3
1
3
3
3
3
3
3
3
3
3
1
3
1
3
3
3
3
3
3
3
3
3
3
3
3
3
3
3
3
3
3
3
3
3
3
1
3
3
3
3
3
3
3
3
3
1
3
3
3
3
3
1
3
3
3
3
3
3
1
1
3
3
3
3
3
3
3
3
3
3
3
3
3
3
3
3
3
3
3
3
3
3
3
3
1
1
3
3
3
3
3
3
3
3
3
3
3
3
3
3
1
3
3
1
3
3
1
1
1
3
3
3
3
3
3
3
3
3
3
3
3
3
3
3
3
3
3
3
1
3
3
3
3
3
1
3
3
3
3
3
3
1
3
3
3
3
3
3
3
3
3
3
3
3
3
3
3
3
3
3
3
3
3
3
3
3
3
3
3
3
3
3
3
3
3
3
3
3
3
3
3
3
3
1
1
3
3
3
3
3
3
3
3
3
3
3
3
3
3
3
3
3
3
3
3
3
1
3
3
3
3
3
3
3
3
3
3
3
1
3
3
3
3
3
3
3
3
3
3
3
1
3
3
3
3
3
3
3
3
3
3
3
3
3
3
3
3
3
3
3
3
1
3
3
1
3
3
3
3
1
3
3
3
3
1
3
1
3
3
3
3
3
3
3
3
3
3
3
3
3
3
1
3
3
3
3
3
3
3
3
3
3
3
3
3
3
3
3
3
3
3
1
3
3
3
3
1
3
1
3
3
3
1
3
3
3
3
3
3
3
3
3
1
3
3
1
3
3
3
3
1
3
3
3
3
1
3
3
3
3
3
3
1
3
3
3
3
3
3
3
3
3
3
3
1
3
3
3
3
3
3
3
3
3
3
3
3
3
3
3
3
3
3
3
1
3
3
3
3
3
3
3
3
3
3
3
1
3
3
3
3
3
3
3
3
1
3
3
3
3
3
1
3
3
3
3
3
3
3
3
3
3
3
3
3
3
3
3
3
3
3
1
3
3
3
3
3
3
3
1
3
3
3
1
3
1
1
3
1
3
3
1
3
3
3
3
3
3
3
3
3
3
3
3
3
3
3
1
3
3
1
3
3
3
3
3
3
3
3
3
3
3
3
3
3
3
3
3
3
3
3
3
3
3
3
3
3
3
1
3
3
3
3
3
3
3
3
3
3
3
3
3
3
3
3
3
3
3
3
3
3
3
3
3
3
3
3
3
3
3
3
3
3
3
3
3
3
3
3
1
3
3
1
3
3
1
3
3
3
3
3
3
3
3
3
3
3
3
3
3
3
3
3
3
3
3
3
3
3
3
3
3
3
1
3
1
3
3
3
3
3
3
3
3
3
3
3
3
3
3
3
3
3
3
3
1
3
3
3
3
3
1
3
3
3
3
1
3
1
3
1
3
3
3
1
3
3
3
3
3
3
3
3
3
3
3
3
3
3
3
3
3
3
3
3
3
3
3
3
3
1
3
3
1
3
3
3
3
3
3
3
1
3
3
3
3
3
3
3
3
3
3
3
3
3
3
3
3
3
3
3
3
3
3
3
3
3
3
3
3
3
3
3
3
3
1
3
3
1
3
3
3
3
3
3
3
1
3
3
3
3
3
3
3
3
3
1
3
3
3
3
3
3
3
3
3
3
3
3
3
3
3
3
3
3
3
3
3
3
3
3
3
1
3
3
3
3
1
3
3
1
3
3
3
3
3
1
3
3
3
3
3
3
3
3
3
3
3
1
3
3
1
3
3
3
1
3
3
3
3
1
3
3
3
3
3
1
3
3
3
3
3
1
3
3
3
1
3
3
3
3
3
3
3
3
3
3
3
3
3
3
3
1
1
1
3
1
3
3
3
3
3
3
1
3
3
3
3
3
3
3
3
3
3
3
3
3
1
3
3
3
3
3
1
3
3
3
3
3
3
3
3
3
3
3
3
3
3
3
3
3
3
3
3
3
1
3
3
3
3
1
3
3
3
3
3
3
1
3
3
3
3
3
3
3
3
3
3
3
3
3
1
3
3
1
3
3
3
1
3
3
3
3
3
3
3
3
3
1
1
3
3
3
3
3
1
3
3
3
3
3
3
3
3
3
3
3
1
3
3
3
3
3
3
3
3
3
3
3
3
3
3
1
3
3
3
3
3
3
3
3
3
3
3
3
3
3
3
3
3
3
3
3
3
3
3
3
3
3
3
3
3
3
3
1
3
1
3
3
3
3
3
1
1
3
3
3
1
3
3
3
3
3
1
3
1
1
3
3
1
3
3
3
3
3
3
3
3
3
3
3
3
3
3
3
3
3
3
1
3
3
3
3
3
3
3
3
3
3
3
3
3
3
3
3
3
3
3
3
3
3
3
3
3
3
3
3
3
3
3
1
3
3
1
1
3
3
3
3
3
3
3
3
3
3
3
3
3
3
3
3
3
3
3
3
3
3
1
3
3
3
3
3
3
3
3
3
3
3
3
3
3
3
3
3
3
3
3
3
3
3
3
3
3
3
3
3
3
3
3
1
3
3
3
3
3
3
1
3
3
3
3
3
3
1
3
3
3
3
3
3
3
3
3
3
3
1
3
3
3
3
1
1
3
3
3
3
3
3
3
1
1
3
3
3
3
3
3
3
1
3
3
3
3
3
3
1
3
3
3
3
3
1
3
3
1
3
3
3
3
3
3
3
3
3
3
3
3
3
3
1
3
3
3
3
3
3
3
3
3
3
3
3
3
3
3
3
3
3
3
3
3
3
3
3
3
3
3
3
3
3
3
3
3
3
3
3
3
3
3
3
3
3
1
1
3
3
3
3
3
1
3
3
3
3
3
3
3
3
3
3
3
3
3
3
3
3
3
3
3
3
3
3
3
3
3
3
3
3
3
3
3
3
3
3
3
3
3
3
3
3
3
1
1
3
3
3
3
3
3
3
3
3
3
3
1
3
3
3
3
3
3
3
3
3
3
1
3
3
3
3
3
3
1
3
3
3
3
3
3
3
3
3
3
3
3
1
3
3
3
3
3
1
3
3
3
3
3
3
3
3
3
3
3
3
1
3
3
3
3
3
3
3
3
1
3
3
3
3
3
3
3
3
3
3
3
3
3
3
3
3
3
3
3
1
3
1
3
3
3
3
3
3
3
3
3
3
3
3
3
3
3
3
3
3
3
3
3
1
3
3
3
3
3
3
3
3
3
3
3
3
3
3
3
3
3
3
3
3
3
3
3
3
3
3
1
3
3
1
3
3
1
3
3
3
3
3
1
1
1
3
3
3
3
3
3
3
3
3
3
3
1
3
3
3
3
3
1
3
3
3
3
3
3
3
3
3
3
3
3
3
3
3
3
3
3
3
3
3
3
3
3
3
1
3
3
3
3
3
3
3
3
3
3
3
3
3
3
3
3
3
3
3
3
3
3
3
3
3
3
3
3
3
3
1
3
3
3
3
3
3
3
3
3
3
3
3
3
3
3
3
3
3
3
3
3
3
3
3
1
3
3
1
3
3
3
3
3
3
3
3
3
3
3
3
3
3
3
3
3
3
3
3
3
3
3
1
3
3
3
3
1
3
3
3
1
3
3
1
3
3
3
3
3
3
3
3
3
3
3
3
3
3
3
1
3
3
3
3
3
1
3
3
1
3
3
3
3
3
3
3
3
3
1
3
3
3
3
3
3
3
3
3
3
3
3
3
3
3
3
1
3
3
3
3
3
3
3
3
3
3
3
3
3
3
3
3
3
3
3
3
3
3
3
3
3
3
3
3
3
3
3
3
3
3
3
3
3
3
3
3
1
3
3
3
1
3
3
1
3
3
3
3
3
3
3
3
1
3
3
3
3
3
3
3
3
3
3
3
3
3
3
3
3
3
3
1
3
3
3
3
3
3
3
3
3
3
3
3
3
3
1
3
3
3
3
3
3
3
3
3
3
3
3
3
3
3
3
3
3
3
3
3
3
3
3
3
3
3
3
3
3
3
3
3
3
3
3
1
3
1
3
3
3
3
3
3
3
3
3
3
3
1
3
3
1
1
3
3
3
3
3
3
3
3
3
3
3
3
3
3
3
3
3
3
3
3
3
3
3
3
1
3
3
3
3
3
3
3
3
3
3
3
3
3
3
3
3
3
3
1
3
3
3
3
3
3
3
3
3
3
3
3
3
3
3
3
3
1
3
3
3
3
3
3
1
3
3
3
1
3
3
3
3
3
3
1
1
3
3
3
3
3
3
3
3
3
3
3
3
3
3
3
3
3
1
3
3
3
3
3
3
1
3
3
3
3
3
3
3
3
3
3
3
3
3
3
3
1
3
3
3
3
1
3
3
3
1
1
3
3
3
3
3
3
3
3
3
1
3
3
3
3
3
3
3
3
3
3
3
3
3
3
3
3
3
3
3
3
1
3
3
3
3
3
3
3
3
3
3
3
3
3
3
3
3
3
3
3
3
3
3
3
3
3
3
3
1
3
3
3
3
3
3
3
1
3
3
3
3
3
3
3
3
3
3
1
3
3
3
3
3
3
3
3
3
3
3
3
1
3
3
3
1
3
3
3
3
3
3
3
3
3
3
3
3
3
3
3
3
3
3
1
3
1
3
3
3
3
3
3
3
3
3
3
3
3
3
3
3
3
3
3
3
3
3
3
3
3
3
3
3
3
3
3
1
3
3
3
3
3
1
3
3
3
1
3
3
3
3
3
3
3
1
3
3
3
3
3
1
1
3
3
1
3
3
3
3
3
3
3
3
1
3
3
3
3
3
3
3
3
3
3
3
1
1
3
3
3
3
3
1
3
3
3
3
3
3
3
3
3
3
3
3
3
3
3
3
3
1
3
3
3
3
3
1
3
3
3
3
3
3
3
1
3
3
3
3
3
3
3
3
3
3
3
3
3
1
3
3
3
3
3
3
1
3
3
3
3
3
3
3
3
3
1
3
3
3
3
3
3
1
3
3
3
3
3
3
3
3
3
3
3
3
3
3
3
3
3
3
3
1
3
3
3
3
3
3
3
3
3
3
3
3
3
3
1
3
3
3
1
3
3
1
3
3
3
3
3
3
3
3
3
1
3
3
3
3
3
3
3
3
3
3
3
3
3
3
3
3
3
3
1
3
3
3
1
3
3
3
3
3
1
3
3
3
3
3
3
1
3
1
1
1
3
3
3
3
3
3
3
3
3
3
3
3
3
3
3
3
3
3
3
3
3
3
3
3
3
3
3
3
3
3
1
3
1
3
3
3
3
3
3
1
1
3
3
1
3
3
3
3
3
3
1
3
1
3
3
3
3
3
1
3
3
3
3
3
3
3
3
1
3
3
3
3
3
3
1
3
3
3
3
3
3
3
3
3
3
3
3
3
3
3
3
3
3
3
1
1
3
3
3
3
3
3
1
1
1
3
3
3
3
3
3
3
1
3
3
3
3
3
3
3
3
3
3
3
3
3
3
3
1
3
1
3
3
3
3
3
3
3
3
3
1
3
1
3
3
1
3
3
3
3
3
3
3
3
3
3
3
3
3
1
3
3
3
3
3
3
1
3
1
1
3
3
3
3
3
3
3
3
3
3
3
3
3
1
3
3
3
1
3
1
3
3
3
1
3
1
1
1
3
1
3
3
1
3
3
3
1
3
3
1
3
3
3
3
1
3
3
3
3
3
3
3
3
3
3
1
3
3
3
3
3
3
3
3
3
3
3
3
3
3
3
3
3
3
3
3
3
3
3
3
3
3
3
3
3
3
3
3
1
3
3
3
3
3
3
3
1
3
3
3
3
3
3
3
3
3
3
3
3
3
3
3
1
3
3
3
3
3
3
3
3
3
3
3
3
1
3
3
3
3
3
3
3
3
3
3
3
3
3
3
3
3
3
3
3
3
3
1
3
1
3
3
3
3
3
3
3
3
1
1
3
3
3
3
1
3
3
3
1
3
3
3
3
1
3
3
3
3
3
3
3
3
3
3
3
3
3
3
3
3
3
3
3
3
3
3
3
3
3
3
3
3
3
3
3
1
3
3
3
3
3
3
3
3
3
3
3
1
3
3
3
1
3
3
3
3
3
1
3
3
3
3
3
3
3
1
3
3
3
3
3
3
3
3
3
1
3
3
3
3
3
3
1
3
3
3
3
3
3
3
3
3
3
3
3
3
3
3
3
3
3
3
3
3
3
3
3
1
3
3
3
3
3
3
3
3
3
3
3
3
1
3
1
3
3
3
3
3
3
3
3
3
3
3
3
3
3
3
3
3
3
3
1
3
3
3
3
3
3
1
3
1
3
3
3
3
3
1
3
1
3
3
3
1
3
3
3
3
3
3
3
3
3
3
3
3
3
3
3
3
3
3
3
3
3
3
3
3
3
3
3
3
3
3
3
3
3
3
3
3
3
3
3
3
3
3
3
3
3
3
3
3
3
3
3
3
3
3
3
3
3
3
3
3
3
3
3
3
3
3
3
3
3
3
3
3
3
3
3
3
3
3
3
3
3
3
3
3
3
3
1
3
3
3
3
3
3
3
3
3
3
3
3
1
3
3
3
3
3
3
3
3
3
3
3
3
3
3
3
3
3
3
3
3
3
3
3
3
3
3
3
1
3
3
3
3
3
1
3
3
3
3
3
3
3
3
1
3
3
3
3
3
3
3
3
1
3
3
3
3
3
3
1
3
3
3
1
3
3
1
3
3
3
3
1
3
1
3
1
1
3
3
3
3
3
3
3
3
3
1
3
3
3
3
3
3
3
3
3
3
3
3
3
3
3
3
3
3
3
3
3
3
3
3
3
3
3
3
3
3
3
3
3
3
3
3
3
3
3
3
3
3
3
3
3
3
3
3
3
3
3
3
1
3
3
3
3
3
3
3
3
3
1
3
3
3
3
3
3
1
3
1
3
3
1
546256
